{
 "cells": [
  {
   "cell_type": "code",
   "execution_count": 1,
   "metadata": {},
   "outputs": [],
   "source": [
    "from typing import Type\n",
    "import random\n",
    "import numpy as np\n",
    "import matplotlib.pyplot as plt\n",
    "\n",
    "from nn import nn, ac\n",
    "from datasets import spiral_dataset, data_split\n"
   ]
  },
  {
   "cell_type": "code",
   "execution_count": 2,
   "metadata": {},
   "outputs": [],
   "source": [
    "X, y = spiral_dataset(150,3)\n",
    "X_train, X_test, y_train, y_test = data_split(X,y,0.8)\n",
    "#plt.scatter(X[:, 0], X[:, 1], c=y, cmap='brg')\n",
    "#plt.show()"
   ]
  },
  {
   "cell_type": "code",
   "execution_count": 5,
   "metadata": {},
   "outputs": [],
   "source": [
    "random.seed(0)\n",
    "relu = ac.ReLU()\n",
    "softmax = ac.softmax()\n",
    "net = nn.Network()\n",
    "layers = [nn.Layer(2,5),relu,nn.Layer(5,5),relu,nn.Layer(5,3),softmax]\n",
    "net.add_layer(layers)"
   ]
  },
  {
   "cell_type": "code",
   "execution_count": 7,
   "metadata": {},
   "outputs": [
    {
     "data": {
      "text/plain": [
       "array([[0.36937788, 0.32317801, 0.30744411],\n",
       "       [0.37617901, 0.31613802, 0.30768297],\n",
       "       [0.36429989, 0.32897348, 0.30672663],\n",
       "       [0.3706931 , 0.32319513, 0.30611177],\n",
       "       [0.37394847, 0.32013871, 0.30591281],\n",
       "       [0.37079567, 0.3240349 , 0.30516943],\n",
       "       [0.3741025 , 0.32094542, 0.30495208],\n",
       "       [0.37560756, 0.31979198, 0.30460046],\n",
       "       [0.37290121, 0.32319628, 0.30390251],\n",
       "       [0.38265381, 0.31297451, 0.30437169],\n",
       "       [0.36008915, 0.33232335, 0.3075875 ],\n",
       "       [0.37900237, 0.31803834, 0.30295929],\n",
       "       [0.35463085, 0.33404619, 0.31132296],\n",
       "       [0.36386723, 0.33098246, 0.30515032],\n",
       "       [0.35685485, 0.33445464, 0.30869051],\n",
       "       [0.35541368, 0.33393522, 0.3106511 ],\n",
       "       [0.35508141, 0.33330655, 0.31161205],\n",
       "       [0.379668  , 0.32020015, 0.30013185],\n",
       "       [0.35690048, 0.33461481, 0.30848471],\n",
       "       [0.35420219, 0.33181753, 0.31398029],\n",
       "       [0.37723594, 0.32416837, 0.29859569],\n",
       "       [0.35540685, 0.33229481, 0.31229834],\n",
       "       [0.38297325, 0.31902255, 0.29800421],\n",
       "       [0.35886494, 0.33483337, 0.3063017 ],\n",
       "       [0.3560696 , 0.33210745, 0.31182294],\n",
       "       [0.36405656, 0.33282252, 0.30312091],\n",
       "       [0.35868874, 0.33394609, 0.30736517],\n",
       "       [0.35975882, 0.33482944, 0.30541173],\n",
       "       [0.34828514, 0.32681043, 0.32490443],\n",
       "       [0.3545606 , 0.32998567, 0.31545372],\n",
       "       [0.3525147 , 0.32860374, 0.31888156],\n",
       "       [0.35551901, 0.33020488, 0.31427612],\n",
       "       [0.35575181, 0.33015693, 0.31409125],\n",
       "       [0.35993383, 0.33311216, 0.30695401],\n",
       "       [0.35484195, 0.32921325, 0.3159448 ],\n",
       "       [0.35651411, 0.33005353, 0.31343235],\n",
       "       [0.34853896, 0.32545892, 0.32600212],\n",
       "       [0.34729862, 0.32384863, 0.32885275],\n",
       "       [0.34677642, 0.32251303, 0.33071056],\n",
       "       [0.34770441, 0.32376907, 0.32852652],\n",
       "       [0.35378093, 0.32757139, 0.31864768],\n",
       "       [0.35591137, 0.32855777, 0.31553087],\n",
       "       [0.34648483, 0.32222159, 0.33129358],\n",
       "       [0.34804803, 0.32313783, 0.32881414],\n",
       "       [0.35780765, 0.32911725, 0.31307511],\n",
       "       [0.34689771, 0.32187092, 0.33123137],\n",
       "       [0.3501356 , 0.32125976, 0.32860464],\n",
       "       [0.3472355 , 0.32156901, 0.3311955 ],\n",
       "       [0.34794713, 0.32183071, 0.33022216],\n",
       "       [0.35041114, 0.32412799, 0.32546087],\n",
       "       [0.35294376, 0.32554574, 0.3215105 ],\n",
       "       [0.35436706, 0.32024394, 0.32538901],\n",
       "       [0.34930974, 0.32086782, 0.32982244],\n",
       "       [0.35065099, 0.32055775, 0.32879126],\n",
       "       [0.36185704, 0.31853362, 0.31960934],\n",
       "       [0.35722528, 0.31958469, 0.32319003],\n",
       "       [0.35655795, 0.31953279, 0.32390926],\n",
       "       [0.35628228, 0.31945631, 0.32426141],\n",
       "       [0.36520529, 0.31680079, 0.31799392],\n",
       "       [0.36776145, 0.31547849, 0.31676006],\n",
       "       [0.36340389, 0.31773296, 0.31886315],\n",
       "       [0.36202198, 0.31844824, 0.31952978],\n",
       "       [0.35008008, 0.32055672, 0.3293632 ],\n",
       "       [0.36097681, 0.31898932, 0.32003387],\n",
       "       [0.36073923, 0.31878   , 0.32048077],\n",
       "       [0.36338004, 0.31774531, 0.31887465],\n",
       "       [0.37095799, 0.31382564, 0.31521638],\n",
       "       [0.35057739, 0.31984457, 0.32957804],\n",
       "       [0.36193571, 0.3184929 , 0.31957139],\n",
       "       [0.36994224, 0.31435077, 0.31570699],\n",
       "       [0.36552022, 0.31663785, 0.31784193],\n",
       "       [0.36086018, 0.31763488, 0.32150494],\n",
       "       [0.37755796, 0.31041545, 0.3120266 ],\n",
       "       [0.37500053, 0.31173647, 0.313263  ],\n",
       "       [0.36680785, 0.31597173, 0.31722043],\n",
       "       [0.3776565 , 0.31036456, 0.31197895],\n",
       "       [0.38168432, 0.30828504, 0.31003064],\n",
       "       [0.3780666 , 0.31015277, 0.31178063],\n",
       "       [0.3836473 , 0.30727202, 0.30908068],\n",
       "       [0.38087366, 0.30870348, 0.31042286],\n",
       "       [0.37908744, 0.30962564, 0.31128692],\n",
       "       [0.37486887, 0.31180449, 0.31332664],\n",
       "       [0.3833202 , 0.3074408 , 0.309239  ],\n",
       "       [0.38583941, 0.30614108, 0.30801951],\n",
       "       [0.34340114, 0.30058334, 0.35601553],\n",
       "       [0.38639649, 0.30585373, 0.30774978],\n",
       "       [0.35486209, 0.30170849, 0.34342942],\n",
       "       [0.3838849 , 0.30714942, 0.30896568],\n",
       "       [0.38611884, 0.30599695, 0.30788422],\n",
       "       [0.36809884, 0.30256858, 0.32933257]])"
      ]
     },
     "execution_count": 7,
     "metadata": {},
     "output_type": "execute_result"
    }
   ],
   "source": [
    "output = net.forward(X_test)\n",
    "output"
   ]
  }
 ],
 "metadata": {
  "kernelspec": {
   "display_name": "Python 3",
   "language": "python",
   "name": "python3"
  },
  "language_info": {
   "codemirror_mode": {
    "name": "ipython",
    "version": 3
   },
   "file_extension": ".py",
   "mimetype": "text/x-python",
   "name": "python",
   "nbconvert_exporter": "python",
   "pygments_lexer": "ipython3",
   "version": "3.11.2"
  }
 },
 "nbformat": 4,
 "nbformat_minor": 2
}
